1 730 36 RIGHT 
1 730 442 UP 
1 730 271 RIGHT 
1 730 136 RIGHT 
1 730 101 DOWN 
1 730 626 DOWN 
0 600 500 UP 
2 88 158
2 440 158
2 154 168
2 632 168
2 110 158
2 462 158
2 154 189
2 632 189
2 132 158
2 484 158
2 154 210
2 632 210
2 154 158
2 506 158
2 154 231
2 632 231
2 176 158
2 528 158
2 154 252
2 632 252
2 198 158
2 550 158
2 154 273
2 632 273
2 220 158
2 572 158
2 154 294
2 632 294
2 242 158
2 594 158
2 154 315
2 632 315
2 264 158
2 616 158
2 154 336
2 632 336
2 286 158
2 638 158
2 154 357
2 632 357
2 308 158
2 660 158
2 154 378
2 632 378
2 330 158
2 682 158
2 154 399
2 632 399
2 154 420
2 632 420
2 154 441
2 632 441
2 154 462
2 632 462
2 286 215
2 286 237
2 462 215
2 462 237
2 308 215
2 308 237
2 484 215
2 484 237
2 330 215
2 330 237
2 506 215
2 506 237
